G 3487
V 1 "246661286"
E 1 52 421
E 1 89 42
V 2 "246661297"
E 2 1279 86
E 2 1301 84
V 3 "500954043"
E 3 1843 2400
V 4 "500954044"
E 4 2286 1600
E 4 2369 65
V 5 "500954045"
E 5 1150 1049
E 5 1936 2320
V 6 "500954046"
E 6 1151 3237
E 6 1723 105
V 7 "500954047"
E 7 1565 44
E 7 2187 124
V 8 "632151481"
E 8 21 52
E 8 33 43
V 9 "632151483"
E 9 79 13
E 9 1352 14
V 10 "632151487"
E 10 1350 15
E 10 1351 9
V 11 "632151489"
E 11 1350 12
E 11 1354 11
V 12 "632151492"
E 12 1353 12
E 12 1355 10
V 13 "632151495"
E 13 1356 10
E 13 1358 6
V 14 "632151498"
E 14 20 54
E 14 45 164
V 15 "632151506"
E 15 1381 11
E 15 1382 13
V 16 "632151510"
E 16 1379 13
E 16 1380 12
V 17 "632151514"
E 17 1378 15
E 17 1379 12
V 18 "632151517"
E 18 1377 14
E 18 1378 15
V 19 "632151521"
E 19 1375 20
E 19 1376 11
V 20 "632151529"
E 20 14 54
E 20 2550 55
V 21 "632151533"
E 21 8 52
E 21 30 35
V 22 "632510355"
E 22 23 165
E 22 1840 26
V 23 "632510356"
E 23 22 165
E 23 87 58
V 24 "638368397"
E 24 1301 93
E 24 1324 30
V 25 "646724352"
E 25 1380 12
E 25 1381 10
V 26 "646724359"
E 26 1355 10
E 26 1356 11
V 27 "646732362"
E 27 1569 55
E 27 1573 17
E 27 1574 20
V 28 "646732365"
E 28 1371 15
E 28 1372 17
V 29 "646732366"
E 29 1370 14
E 29 1371 14
V 30 "646732367"
E 30 21 35
E 30 1375 19
E 30 1523 109
V 31 "646732369"
E 31 39 17
E 31 1374 19
V 32 "646732370"
E 32 55 19
E 32 1361 10
V 33 "646732371"
E 33 8 43
E 33 74 65
E 33 79 11
V 34 "646732372"
E 34 1360 11
E 34 1361 11
V 35 "646732373"
E 35 1365 12
E 35 2551 14
V 36 "646732374"
E 36 1367 13
E 36 1368 11
V 37 "646732375"
E 37 1368 11
E 37 1369 14
V 38 "646732376"
E 38 1369 15
E 38 1370 14
V 39 "646732377"
E 39 31 17
E 39 1367 16
V 40 "646732378"
E 40 1359 14
E 40 1362 14
V 41 "646732379"
E 41 1364 12
E 41 1365 12
V 42 "646732380"
E 42 1363 13
E 42 1364 12
V 43 "646732381"
E 43 68 18
E 43 1345 14
V 44 "646733339"
E 44 1304 37
E 44 1386 28
V 45 "646733340"
E 45 14 164
E 45 66 177
E 45 1384 43
V 46 "646733341"
E 46 1388 21
E 46 1390 16
V 47 "646733342"
E 47 52 923
E 47 59 175
E 47 1398 33
V 48 "646733343"
E 48 1391 16
E 48 1392 22
V 49 "1045639296"
E 49 1339 13
E 49 1395 20
V 50 "1045639339"
E 50 1372 16
E 50 1373 15
V 51 "1045639348"
E 51 66 169
E 51 1856 37
V 52 "1045639353"
E 52 1 421
E 52 47 923
V 53 "1045639356"
E 53 84 23
E 53 1343 21
V 54 "1045639415"
E 54 1339 15
E 54 1346 11
V 55 "1045639436"
E 55 32 19
E 55 62 51
E 55 84 37
V 56 "1045639474"
E 56 83 248
E 56 946 576
V 57 "1045639510"
E 57 62 50
E 57 70 32
V 58 "1045639552"
E 58 1382 15
E 58 1383 15
V 59 "1045639567"
E 59 47 175
E 59 1366 96
V 60 "1045639577"
E 60 75 383
E 60 1504 155
V 61 "1045639584"
E 61 67 304
E 61 2558 187
V 62 "1045639590"
E 62 55 51
E 62 57 50
V 63 "1045639654"
E 63 65 148
E 63 77 115
V 64 "1045639680"
E 64 1376 11
E 64 1377 15
V 65 "1045639687"
E 65 63 148
E 65 1506 51
V 66 "1045639768"
E 66 45 177
E 66 51 169
V 67 "1045639785"
E 67 61 304
E 67 75 395
V 68 "1045639798"
E 68 43 18
E 68 1344 19
V 69 "1045639810"
E 69 1397 18
E 69 1399 23
V 70 "1045639824"
E 70 57 32
E 70 73 20
E 70 1373 17
V 71 "1045639859"
E 71 1340 22
E 71 1341 12
E 71 1855 33
V 72 "1045639891"
E 72 1342 23
E 72 1343 21
V 73 "1045639898"
E 73 70 20
E 73 1529 226
V 74 "1045639902"
E 74 33 65
E 74 1344 20
V 75 "1045639961"
E 75 60 383
E 75 67 395
V 76 "1045639975"
E 76 1348 17
E 76 1349 11
V 77 "1045639989"
E 77 63 115
E 77 78 105
E 77 2553 6
E 77 2554 6
V 78 "1045640043"
E 78 77 105
E 78 1505 134
V 79 "1045640059"
E 79 9 13
E 79 33 11
V 80 "1045640068"
E 80 1392 25
E 80 1393 22
V 81 "1045640094"
E 81 1362 15
E 81 1363 15
V 82 "1045640161"
E 82 1353 11
E 82 1354 11
V 83 "1045640167"
E 83 56 248
E 83 1507 73
V 84 "1045640173"
E 84 53 23
E 84 55 37
V 85 "1045640187"
E 85 1385 22
E 85 1387 15
V 86 "1244911793"
E 86 88 54
E 86 422 23
V 87 "1244911795"
E 87 23 58
E 87 1837 37
V 88 "1244911799"
E 88 86 54
E 88 1838 24
V 89 "1244911802"
E 89 1 42
E 89 1838 23
V 90 "1244911806"
E 90 1836 36
E 90 1837 41
V 91 "1244911808"
E 91 419 23
E 91 1839 56
V 92 "1244911812"
E 92 419 22
E 92 1335 14
V 93 "1246356645"
E 93 1326 24
V 94 "1250706905"
E 94 307 71
E 94 362 142
E 94 2843 15
V 95 "1250706906"
E 95 239 145
E 95 243 72
E 95 350 145
E 95 2886 23
V 96 "1250706907"
E 96 105 140
E 96 189 146
E 96 249 143
E 96 1941 62
V 97 "1250706908"
E 97 127 149
E 97 128 67
E 97 228 69
V 98 "1250706909"
E 98 175 130
E 98 211 143
E 98 247 73
E 98 1986 71
V 99 "1250706911"
E 99 112 74
E 99 168 145
E 99 240 78
E 99 248 131
V 100 "1250706912"
E 100 580 98
V 101 "1250706914"
E 101 110 69
E 101 124 148
E 101 153 144
E 101 251 69
V 102 "1250706915"
E 102 172 65
E 102 219 69
E 102 272 143
E 102 345 145
V 103 "1250706916"
E 103 341 146
E 103 1129 66
E 103 1617 68
E 103 2829 59
V 104 "1250706917"
E 104 127 69
E 104 223 145
E 104 228 149
E 104 2423 14
V 105 "1250706918"
E 105 96 140
E 105 129 132
E 105 199 144
E 105 236 144
V 106 "1250706919"
E 106 109 69
E 106 135 71
E 106 138 148
V 107 "1250706920"
E 107 114 71
E 107 159 150
E 107 167 143
V 108 "1250706921"
E 108 121 73
E 108 254 76
E 108 411 138
V 109 "1250706922"
E 109 106 69
E 109 163 150
E 109 242 69
V 110 "1250706923"
E 110 101 69
E 110 114 147
E 110 159 69
E 110 181 146
V 111 "1250706924"
E 111 141 72
E 111 166 148
E 111 176 68
E 111 1483 11
V 112 "1250706925"
E 112 99 74
E 112 142 144
E 112 193 67
E 112 246 132
V 113 "1250706927"
E 113 122 77
E 113 168 139
E 113 252 75
E 113 382 139
V 114 "1250706928"
E 114 107 71
E 114 110 147
E 114 124 67
E 114 157 144
V 115 "1250706931"
E 115 126 142
E 115 220 151
E 115 255 73
E 115 2797 56
V 116 "1250706932"
E 116 188 147
E 116 231 65
E 116 242 71
V 117 "1250706933"
E 117 183 143
E 117 2888 15
E 117 2889 13
E 117 2890 23
V 118 "1250706934"
E 118 138 141
E 118 159 145
E 118 181 68
V 119 "1250706935"
E 119 133 71
E 119 238 67
E 119 241 145
V 120 "1250706936"
E 120 289 139
E 120 337 65
E 120 342 146
E 120 1129 69
V 121 "1250706937"
E 121 108 73
E 121 298 145
E 121 304 266
E 121 318 68
V 122 "1250706938"
E 122 113 77
E 122 177 140
E 122 195 74
E 122 362 138
V 123 "1250706939"
E 123 149 145
E 123 183 68
E 123 233 70
E 123 1479 12
V 124 "1250706940"
E 124 101 148
E 124 114 67
E 124 146 70
E 124 149 144
V 125 "1250706941"
E 125 234 69
E 125 237 146
E 125 1480 10
E 125 1984 69
V 126 "1250706942"
E 126 115 142
E 126 133 142
E 126 241 72
E 126 2798 21
V 127 "1250706943"
E 127 97 149
E 127 104 69
E 127 134 68
E 127 346 145
V 128 "1250706944"
E 128 97 67
E 128 134 147
E 128 185 70
E 128 208 67
V 129 "1250706945"
E 129 105 132
E 129 137 137
E 129 207 144
E 129 224 143
V 130 "1250706946"
E 130 176 66
E 130 190 145
E 130 200 69
E 130 1484 11
V 131 "1250706948"
E 131 219 67
E 131 258 144
E 131 346 144
E 131 2893 52
V 132 "1250706949"
E 132 234 148
E 132 237 67
E 132 250 63
V 133 "1250706951"
E 133 119 71
E 133 126 142
E 133 142 70
E 133 363 68
V 134 "1250706952"
E 134 127 68
E 134 128 147
E 134 143 67
E 134 347 145
V 135 "1250706953"
E 135 106 71
E 135 150 80
E 135 169 139
V 136 "1250706954"
E 136 152 148
E 136 201 72
E 136 208 67
E 136 209 71
V 137 "1250706955"
E 137 129 137
E 137 145 64
E 137 198 144
E 137 218 144
V 138 "1250706956"
E 138 106 148
E 138 118 141
E 138 163 68
V 139 "1250706957"
E 139 233 68
E 139 271 27
E 139 1471 12
V 140 "1250706958"
E 140 238 75
E 140 263 143
E 140 281 66
V 141 "1250706959"
E 141 111 72
E 141 234 63
E 141 250 147
E 141 1475 11
V 142 "1250706960"
E 142 112 144
E 142 133 70
E 142 168 75
E 142 252 140
V 143 "1250706961"
E 143 134 67
E 143 152 66
E 143 208 149
E 143 345 145
V 144 "1250706962"
E 144 162 72
E 144 170 135
E 144 201 65
E 144 222 73
V 145 "1250706963"
E 145 137 64
E 145 153 71
E 145 188 143
E 145 251 144
V 146 "1250706964"
E 146 124 70
E 146 251 148
E 146 350 64
E 146 2891 16
V 147 "1250706965"
E 147 152 73
E 147 178 65
E 147 201 144
V 148 "1250706966"
E 148 2698 23
V 149 "1250706967"
E 149 123 145
E 149 124 144
E 149 157 69
E 149 2889 56
V 150 "1250706968"
E 150 135 80
E 150 161 71
E 150 186 139
E 150 1117 88
V 151 "1250706969"
E 151 268 67
E 151 330 142
E 151 337 69
E 151 343 146
V 152 "1250706970"
E 152 136 148
E 152 143 66
E 152 147 73
E 152 344 143
V 153 "1250706971"
E 153 101 144
E 153 145 71
E 153 174 142
E 153 181 68
V 154 "1250706972"
E 154 166 65
E 154 176 146
E 154 190 67
E 154 229 72
V 155 "1250706973"
E 155 164 132
E 155 204 71
E 155 207 146
E 155 227 67
V 156 "1250706974"
E 156 165 69
E 156 212 148
E 156 214 68
E 156 2805 48
V 157 "1250706975"
E 157 114 144
E 157 149 69
E 157 167 69
E 157 233 145
V 158 "1250706976"
E 158 212 69
E 158 214 145
E 158 263 143
E 158 309 68
V 159 "1250706980"
E 159 107 150
E 159 110 69
E 159 118 145
V 160 "1250706981"
E 160 200 64
E 160 239 72
E 160 243 146
E 160 1485 12
V 161 "1250706982"
E 161 150 71
E 161 185 137
E 161 228 65
V 162 "1250706985"
E 162 144 72
E 162 173 135
E 162 178 74
V 163 "1250706986"
E 163 109 150
E 163 138 68
E 163 174 68
E 163 181 141
V 164 "1250706987"
E 164 155 132
E 164 175 141
E 164 199 146
E 164 229 72
V 165 "1250706988"
E 165 156 69
E 165 220 74
E 165 255 151
E 165 1593 94
V 166 "1250706990"
E 166 111 148
E 166 154 65
E 166 250 73
V 167 "1250706991"
E 167 107 143
E 167 157 69
E 167 271 117
V 168 "1250706992"
E 168 99 145
E 168 113 139
E 168 142 75
E 168 177 77
V 169 "1250706993"
E 169 135 139
E 169 179 134
E 169 186 80
E 169 242 72
V 170 "1250706994"
E 170 144 135
E 170 173 73
E 170 180 136
E 170 235 72
V 171 "1250706995"
E 171 194 148
E 171 240 72
E 171 1013 68
E 171 2850 72
V 172 "1250706996"
E 172 102 65
E 172 268 70
E 172 325 144
E 172 344 145
V 173 "1250706998"
E 173 162 135
E 173 170 73
E 173 187 135
E 173 191 74
V 174 "1250706999"
E 174 153 142
E 174 163 68
E 174 188 71
E 174 242 148
V 175 "1250707000"
E 175 98 130
E 175 164 141
E 175 189 143
E 175 213 74
V 176 "1250707001"
E 176 111 68
E 176 130 66
E 176 154 146
E 176 1478 12
V 177 "1250707002"
E 177 122 140
E 177 168 77
E 177 184 75
E 177 240 143
V 178 "1250707003"
E 178 147 65
E 178 162 74
E 178 191 135
E 178 343 143
V 179 "1250707004"
E 179 169 134
E 179 192 135
E 179 197 79
E 179 231 72
V 180 "1250707005"
E 180 170 136
E 180 187 75
E 180 193 132
E 180 246 68
V 181 "1250707006"
E 181 110 146
E 181 118 68
E 181 153 68
E 181 163 141
V 182 "1250707007"
E 182 230 70
E 182 249 150
E 182 1013 63
E 182 1014 67
V 183 "1250707008"
E 183 117 143
E 183 123 68
E 183 239 65
E 183 1482 12
V 184 "1250707009"
E 184 177 75
E 184 2000 69
E 184 2849 108
E 184 2850 69
V 185 "1250707010"
E 185 128 70
E 185 161 137
E 185 186 69
E 185 209 134
V 186 "1250707012"
E 186 150 139
E 186 169 80
E 186 185 69
E 186 197 132
V 187 "1250707013"
E 187 173 135
E 187 180 75
E 187 202 74
E 187 203 132
V 188 "1250707014"
E 188 116 147
E 188 145 143
E 188 174 71
E 188 198 65
V 189 "1250707015"
E 189 96 146
E 189 175 143
E 189 199 140
E 189 211 131
V 190 "1250707016"
E 190 130 145
E 190 154 67
E 190 232 68
V 191 "1250707017"
E 191 173 74
E 191 178 135
E 191 202 135
E 191 342 143
V 192 "1250707018"
E 192 179 135
E 192 205 79
E 192 216 134
E 192 217 73
V 193 "1250707019"
E 193 112 67
E 193 180 132
E 193 203 74
E 193 363 76
V 194 "1250707020"
E 194 171 148
E 194 244 143
E 194 1010 67
E 194 2852 73
V 195 "1250707021"
E 195 122 74
E 195 1967 145
E 195 2000 73
E 195 2007 69
V 196 "1250707022"
E 196 1495 21
E 196 2272 18
E 196 2273 68
E 196 2700 245
V 197 "1250707024"
E 197 179 79
E 197 186 132
E 197 205 136
E 197 209 68
V 198 "1250707025"
E 198 137 144
E 198 188 65
E 198 231 147
E 198 1007 68
V 199 "1250707026"
E 199 105 144
E 199 164 146
E 199 189 140
E 199 207 132
V 200 "1250707027"
E 200 130 69
E 200 160 64
E 200 232 146
E 200 1474 12
V 201 "1250707028"
E 201 136 72
E 201 144 65
E 201 147 144
V 202 "1250707030"
E 202 187 74
E 202 191 135
E 202 210 132
E 202 341 144
V 203 "1250707032"
E 203 187 132
E 203 193 74
E 203 210 75
V 204 "1250707034"
E 204 155 71
E 204 229 134
E 204 232 73
V 205 "1250707035"
E 205 192 79
E 205 197 136
E 205 215 134
E 205 222 68
V 206 "1250707036"
E 206 216 73
E 206 236 147
E 206 1008 65
E 206 1014 70
V 207 "1250707037"
E 207 129 144
E 207 155 146
E 207 199 132
E 207 218 136
V 208 "1250707038"
E 208 128 67
E 208 136 67
E 208 143 149
V 209 "1250707039"
E 209 136 71
E 209 185 134
E 209 197 68
E 209 222 136
V 210 "1250707040"
E 210 202 132
E 210 203 75
E 210 340 144
E 210 412 75
V 211 "1250707042"
E 211 98 143
E 211 189 131
E 211 244 146
E 211 1987 75
V 212 "1250707043"
E 212 156 148
E 212 158 69
E 212 226 142
E 212 255 68
V 213 "1250707044"
E 213 175 74
E 213 229 139
E 213 247 131
E 213 250 71
V 214 "1250707045"
E 214 156 68
E 214 158 145
E 214 1614 34
E 214 2408 18
V 215 "1250707047"
E 215 205 134
E 215 216 79
E 215 235 69
E 215 248 136
V 216 "1250707049"
E 216 192 134
E 216 206 73
E 216 215 79
E 216 230 137
V 217 "1250707050"
E 217 192 73
E 217 224 147
E 217 1005 67
E 217 1008 69
V 218 "1250707051"
E 218 137 144
E 218 207 136
E 218 251 65
E 218 350 147
V 219 "1250707052"
E 219 102 69
E 219 131 67
E 219 308 144
E 219 347 144
V 220 "1250707053"
E 220 115 151
E 220 165 74
E 220 1578 136
E 220 1616 70
V 221 "1250707055"
E 221 302 141
E 221 340 146
E 221 1616 70
E 221 1617 66
V 222 "1250707056"
E 222 144 73
E 222 205 68
E 222 209 136
E 222 235 136
V 223 "1250707057"
E 223 104 145
E 223 346 67
E 223 2832 25
V 224 "1250707058"
E 224 129 143
E 224 217 147
E 224 1004 67
E 224 1007 68
V 225 "1250707059"
E 225 292 131
E 225 348 147
E 225 2407 13
V 226 "1250707060"
E 226 212 142
E 226 241 69
E 226 263 70
E 226 2842 21
V 227 "1250707061"
E 227 155 67
E 227 243 143
E 227 350 69
V 228 "1250707062"
E 228 97 69
E 228 104 149
E 228 161 65
V 229 "1250707063"
E 229 154 72
E 229 164 72
E 229 204 134
E 229 213 139
V 230 "1250707065"
E 230 182 70
E 230 216 137
E 230 240 131
E 230 248 78
V 231 "1250707066"
E 231 116 65
E 231 179 72
E 231 198 147
E 231 1005 69
V 232 "1250707067"
E 232 190 68
E 232 200 146
E 232 204 73
E 232 243 66
V 233 "1250707068"
E 233 123 70
E 233 139 68
E 233 157 145
E 233 1489 13
V 234 "1250707069"
E 234 125 69
E 234 132 148
E 234 141 63
E 234 1481 9
V 235 "1250707070"
E 235 170 72
E 235 215 69
E 235 222 136
E 235 246 135
V 236 "1250707071"
E 236 105 144
E 236 206 147
E 236 1004 66
E 236 1011 70
V 237 "1250707072"
E 237 125 146
E 237 132 67
E 237 247 73
E 237 1985 70
V 238 "1250707073"
E 238 119 67
E 238 140 75
E 238 252 71
E 238 2842 123
V 239 "1250707074"
E 239 95 145
E 239 160 72
E 239 183 65
E 239 1472 13
V 240 "1250707077"
E 240 99 78
E 240 171 72
E 240 177 143
E 240 230 131
V 241 "1250707078"
E 241 119 145
E 241 126 72
E 241 226 69
E 241 255 139
V 242 "1250707079"
E 242 109 69
E 242 116 71
E 242 169 72
E 242 174 148
V 243 "1250707080"
E 243 95 72
E 243 160 146
E 243 227 143
E 243 232 66
V 244 "1250707081"
E 244 194 143
E 244 211 146
E 244 1941 69
E 244 2851 73
V 245 "1250707082"
E 245 2893 13
E 245 2894 10
V 246 "1250707083"
E 246 112 132
E 246 180 68
E 246 235 135
E 246 248 74
V 247 "1250707084"
E 247 98 73
E 247 213 131
E 247 237 73
V 248 "1250707086"
E 248 99 131
E 248 215 136
E 248 230 78
E 248 246 74
V 249 "1250707087"
E 249 96 143
E 249 182 150
E 249 1010 64
E 249 1011 69
V 250 "1250707088"
E 250 132 63
E 250 141 147
E 250 166 73
E 250 213 71
V 251 "1250707089"
E 251 101 69
E 251 145 144
E 251 146 148
E 251 218 65
V 252 "1250707090"
E 252 113 75
E 252 142 140
E 252 238 71
E 252 411 139
V 253 "1250707091"
E 253 336 20
E 253 1133 280
E 253 1435 108
E 253 2418 112
V 254 "1250707092"
E 254 108 76
E 254 297 134
E 254 382 140
E 254 2843 62
V 255 "1250707093"
E 255 115 73
E 255 165 151
E 255 212 68
E 255 241 139
V 256 "1250714752"
E 256 1502 73
E 256 2898 8
E 256 2906 12
V 257 "1250714754"
E 257 296 66
E 257 329 149
E 257 331 64
E 257 2802 121
V 258 "1250714762"
E 258 131 144
E 258 287 150
E 258 308 69
E 258 335 66
V 259 "1250714763"
E 259 265 75
E 259 277 135
E 259 278 74
E 259 288 134
V 260 "1250714774"
E 260 275 135
E 260 317 150
E 260 1109 91
E 260 2382 5
V 261 "1250714775"
E 261 1136 66
E 261 2792 137
E 261 2821 30
E 261 2825 21
V 262 "1250714779"
E 262 269 75
E 262 277 131
E 262 280 74
E 262 316 132
V 263 "1250714783"
E 263 140 143
E 263 158 143
E 263 226 70
E 263 274 69
V 264 "1250714785"
E 264 266 145
E 264 274 71
E 264 298 67
E 264 318 143
V 265 "1250714786"
E 265 259 75
E 265 282 135
E 265 306 77
E 265 328 135
V 266 "1250714788"
E 266 264 145
E 266 279 67
E 266 309 71
V 267 "1250714789"
E 267 270 73
E 267 296 67
E 267 320 140
V 268 "1250714791"
E 268 151 67
E 268 172 70
E 268 303 143
V 269 "1250714796"
E 269 262 75
E 269 286 135
E 269 373 64
E 269 379 142
V 270 "1250714797"
E 270 267 73
E 270 314 64
E 270 315 141
E 270 325 149
V 271 "1250714799"
E 271 139 27
E 271 167 117
E 271 435 124
V 272 "1250714801"
E 272 102 143
E 272 308 68
E 272 314 148
E 272 325 63
V 273 "1250714802"
E 273 323 112
E 273 333 40
E 273 2819 11
V 274 "1250714803"
E 274 263 69
E 274 264 71
E 274 281 144
E 274 2841 64
V 275 "1250714806"
E 275 260 135
E 275 324 132
E 275 2203 72
V 276 "1250714809"
E 276 314 140
E 276 315 65
E 276 327 67
E 276 2775 128
V 277 "1250714810"
E 277 259 135
E 277 262 131
E 277 286 74
E 277 328 74
V 278 "1250714815"
E 278 259 74
E 278 1642 65
E 278 1643 66
E 278 1649 141
V 279 "1250714817"
E 279 266 67
E 279 298 144
E 279 2815 25
E 279 2816 45
V 280 "1250714823"
E 280 262 74
E 280 283 47
E 280 284 132
E 280 328 131
V 281 "1250714826"
E 281 140 66
E 281 274 144
E 281 318 71
E 281 411 72
V 282 "1250714830"
E 282 265 135
E 282 288 75
E 282 294 76
E 282 301 134
V 283 "1250714831"
E 283 280 47
E 283 1110 103
E 283 3355 14
E 283 3356 61
V 284 "1250714832"
E 284 280 132
E 284 316 74
E 284 1116 93
E 284 1637 77
E 284 3356 82
V 285 "1250714839"
E 285 287 138
E 285 327 68
E 285 336 69
E 285 1139 227
V 286 "1250714840"
E 286 269 135
E 286 277 74
E 286 1642 70
E 286 1647 143
V 287 "1250714841"
E 287 258 150
E 287 285 138
E 287 321 68
E 287 332 67
V 288 "1250714846"
E 288 259 134
E 288 282 75
E 288 334 74
V 289 "1250714848"
E 289 120 139
E 289 329 66
E 289 331 148
E 289 1136 70
V 290 "1250714850"
E 290 1145 47
E 290 2200 27
V 291 "1250714851"
E 291 300 24
E 291 306 66
E 291 324 133
V 292 "1250714854"
E 292 225 131
E 292 307 133
E 292 1948 68
E 292 2847 73
V 293 "1250714856"
E 293 312 166
E 293 2814 10
E 293 2815 12
E 293 2817 60
V 294 "1250714858"
E 294 282 76
E 294 306 140
E 294 2203 128
E 294 3328 16
V 295 "1250714860"
E 295 301 149
E 295 334 131
E 295 1644 62
E 295 1652 146
V 296 "1250714863"
E 296 257 66
E 296 267 67
E 296 305 141
E 296 330 148
V 297 "1250714864"
E 297 254 134
E 297 348 132
E 297 1948 79
V 298 "1250714871"
E 298 121 145
E 298 264 67
E 298 279 144
E 298 2836 121
V 299 "1250714873"
E 299 1626 20
E 299 2819 116
V 300 "1250714875"
E 300 291 24
E 300 317 145
E 300 326 148
E 300 1114 97
V 301 "1250714876"
E 301 282 134
E 301 295 149
E 301 1635 59
E 301 2203 75
V 302 "1250714877"
E 302 221 141
E 302 1576 72
E 302 1577 67
E 302 2182 35
V 303 "1250714879"
E 303 268 143
E 303 325 70
E 303 330 69
V 304 "1250714882"
E 304 121 266
E 304 333 145
E 304 348 149
V 305 "1250714883"
E 305 296 141
E 305 320 69
E 305 2783 21
E 305 2803 21
V 306 "1250714886"
E 306 265 77
E 306 291 66
E 306 294 140
E 306 310 133
V 307 "1250714888"
E 307 94 71
E 307 292 133
E 307 1993 70
E 307 2848 74
V 308 "1250714889"
E 308 219 144
E 308 258 69
E 308 272 68
E 308 321 149
V 309 "1250714890"
E 309 158 68
E 309 266 71
E 309 2807 108
E 309 2837 42
V 310 "1250714891"
E 310 306 133
E 310 326 35
E 310 328 73
V 311 "1250714892"
E 311 1432 147
E 311 2258 40
V 312 "1250714893"
E 312 293 166
E 312 1614 42
E 312 2807 13
E 312 2810 66
V 313 "1250714894"
E 313 1131 11
E 313 1137 65
E 313 2792 10
V 314 "1250714896"
E 314 270 64
E 314 272 148
E 314 276 140
E 314 321 68
V 315 "1250714898"
E 315 270 141
E 315 276 65
E 315 320 72
E 315 1147 108
V 316 "1250714899"
E 316 262 132
E 316 284 74
E 316 319 74
V 317 "1250714900"
E 317 260 150
E 317 300 145
E 317 324 78
E 317 1115 98
V 318 "1250714901"
E 318 121 68
E 318 264 143
E 318 281 71
V 319 "1250714902"
E 319 316 74
E 319 373 66
E 319 385 142
E 319 394 72
V 320 "1250714905"
E 320 267 140
E 320 305 69
E 320 315 72
V 321 "1250714907"
E 321 287 68
E 321 308 149
E 321 314 68
E 321 327 139
V 322 "1250714908"
E 322 3066 342
E 322 3093 8
V 323 "1250714913"
E 323 273 112
E 323 1624 95
V 324 "1250714916"
E 324 275 132
E 324 291 133
E 324 317 78
E 324 3328 53
V 325 "1250714917"
E 325 172 144
E 325 270 149
E 325 272 63
E 325 303 70
V 326 "1250714918"
E 326 300 148
E 326 310 35
E 326 3354 16
E 326 3355 127
V 327 "1250714921"
E 327 276 67
E 327 285 68
E 327 321 139
E 327 2776 179
V 328 "1250714922"
E 328 265 135
E 328 277 74
E 328 280 131
E 328 310 73
V 329 "1250714923"
E 329 257 149
E 329 289 66
E 329 330 67
E 329 337 139
V 330 "1250714928"
E 330 151 142
E 330 296 148
E 330 303 69
E 330 329 67
V 331 "1250714930"
E 331 257 64
E 331 289 148
E 331 1137 71
E 331 2788 78
V 332 "1250714931"
E 332 287 67
E 332 335 150
E 332 336 138
E 332 2703 6
V 333 "1250714933"
E 333 273 40
E 333 304 145
E 333 1630 133
V 334 "1250714940"
E 334 288 74
E 334 295 131
E 334 1643 68
E 334 1651 142
V 335 "1250714941"
E 335 258 66
E 335 332 150
E 335 2417 17
E 335 2892 37
V 336 "1250714942"
E 336 253 20
E 336 285 69
E 336 332 138
E 336 1146 265
V 337 "1250714944"
E 337 120 65
E 337 151 69
E 337 329 139
V 338 "1440391558"
E 338 1836 35
V 339 "1440391559"
E 339 1397 21
E 339 1398 13
V 340 "1724698028"
E 340 210 144
E 340 221 146
E 340 341 133
E 340 2796 45
V 341 "1724698029"
E 341 103 146
E 341 202 144
E 341 340 133
E 341 342 133
V 342 "1724698030"
E 342 120 146
E 342 191 143
E 342 341 133
E 342 343 136
V 343 "1724698031"
E 343 151 146
E 343 178 143
E 343 342 136
E 343 344 137
V 344 "1724698032"
E 344 152 143
E 344 172 145
E 344 343 137
E 344 345 66
V 345 "1724698033"
E 345 102 145
E 345 143 145
E 345 344 66
E 345 347 67
V 346 "1724698034"
E 346 127 145
E 346 131 144
E 346 223 67
E 346 347 68
V 347 "1724698035"
E 347 134 145
E 347 219 144
E 347 345 67
E 347 346 68
V 348 "1724698036"
E 348 225 147
E 348 297 132
E 348 304 149
E 348 1635 80
V 349 "1724698037"
E 349 676 236
E 349 2455 11
V 350 "1724698038"
E 350 95 145
E 350 146 64
E 350 218 147
E 350 227 69
V 351 "1993905315"
E 351 443 318
E 351 1182 207
V 352 "1993905481"
E 352 1192 31
E 352 1200 117
V 353 "2039128300"
E 353 3269 13
E 353 3481 5
V 354 "2039493215"
E 354 356 134
E 354 917 92
E 354 982 76
E 354 3210 22
V 355 "2039493216"
E 355 357 167
E 355 359 155
E 355 797 67
V 356 "2039493217"
E 356 354 134
E 356 719 96
E 356 960 42
E 356 1407 73
V 357 "2039493218"
E 357 355 167
E 357 776 65
E 357 967 166
V 358 "2039493219"
E 358 684 48
E 358 912 28
E 358 3208 20
V 359 "2039493220"
E 359 355 155
E 359 672 158
E 359 773 66
E 359 3207 9
V 360 "2169307677"
E 360 370 45
E 360 393 82
E 360 413 144
E 360 3360 79
V 361 "2169307679"
E 361 386 135
E 361 1654 145
E 361 1663 68
E 361 1672 146
V 362 "2169307684"
E 362 94 142
E 362 122 138
E 362 371 75
E 362 382 73
V 363 "2169307686"
E 363 133 68
E 363 193 76
E 363 412 149
V 364 "2169307689"
E 364 370 88
E 364 391 86
E 364 3413 17
V 365 "2169307692"
E 365 369 135
E 365 378 145
E 365 395 132
E 365 1849 144
V 366 "2169307694"
E 366 384 80
E 366 400 80
E 366 407 145
E 366 1851 145
V 367 "2169307697"
E 367 368 66
E 367 372 146
E 367 393 79
E 367 3414 52
V 368 "2169307699"
E 368 367 66
E 368 389 140
E 368 409 66
V 369 "2169307701"
E 369 365 135
E 369 377 145
E 369 396 134
E 369 402 145
V 370 "2169307702"
E 370 360 45
E 370 364 88
E 370 1641 97
E 370 2213 87
V 371 "2169307707"
E 371 362 75
E 371 1960 145
E 371 1993 72
E 371 2007 68
V 372 "2169307709"
E 372 367 146
E 372 376 79
E 372 377 136
E 372 396 146
V 373 "2169307711"
E 373 269 64
E 373 319 66
E 373 398 141
V 374 "2169307713"
E 374 2264 23
E 374 2265 68
V 375 "2169307715"
E 375 378 146
E 375 381 66
E 375 397 143
E 375 414 70
V 376 "2169307716"
E 376 372 79
E 376 393 146
E 376 407 146
E 376 413 77
V 377 "2169307717"
E 377 369 145
E 377 372 136
E 377 378 133
E 377 409 146
V 378 "2169307718"
E 378 365 145
E 378 375 146
E 378 377 133
E 378 399 136
V 379 "2169307719"
E 379 269 142
E 379 392 147
E 379 398 66
E 379 1647 136
V 380 "2169307720"
E 380 1477 8
E 380 1854 140
E 380 2393 66
E 380 2397 65
V 381 "2169307721"
E 381 375 66
E 381 406 144
E 381 409 68
V 382 "2169307722"
E 382 113 139
E 382 254 140
E 382 362 73
E 382 411 78
V 383 "2169307723"
E 383 406 69
E 383 409 144
E 383 2031 7
E 383 2033 44
V 384 "2169307724"
E 384 366 80
E 384 396 145
E 384 1852 143
E 384 2394 72
V 385 "2169307725"
E 385 319 142
E 385 398 68
E 385 399 145
E 385 414 66
V 386 "2169307726"
E 386 361 135
E 386 392 143
E 386 395 138
E 386 1670 146
V 387 "2169307729"
E 387 392 130
E 387 1654 7
V 388 "2169307730"
E 388 1681 142
E 388 2211 76
E 388 2401 148
V 389 "2169307734"
E 389 368 140
E 389 391 74
E 389 2030 23
E 389 2033 24
V 390 "2169307735"
E 390 1112 111
E 390 2213 88
E 390 3362 89
V 391 "2169307736"
E 391 364 86
E 391 389 74
E 391 3358 21
E 391 3359 11
V 392 "2169307738"
E 392 379 147
E 392 386 143
E 392 387 130
E 392 399 134
V 393 "2169307739"
E 393 360 82
E 393 367 79
E 393 376 146
E 393 3413 59
V 394 "2169307741"
E 394 319 72
E 394 397 67
E 394 414 142
E 394 1637 115
V 395 "2169307743"
E 395 365 132
E 395 386 138
E 395 399 145
E 395 1668 146
V 396 "2169307745"
E 396 369 134
E 396 372 146
E 396 384 145
E 396 407 80
V 397 "2169307746"
E 397 375 143
E 397 394 67
E 397 406 65
E 397 1638 86
V 398 "2169307748"
E 398 373 141
E 398 379 66
E 398 385 68
V 399 "2169307750"
E 399 378 136
E 399 385 145
E 399 392 134
E 399 395 145
V 400 "2169307751"
E 400 366 80
E 400 1850 143
E 400 2211 78
E 400 2546 145
V 401 "2169307752"
E 401 404 146
E 401 413 83
E 401 415 77
E 401 3360 140
V 402 "2169307753"
E 402 369 145
E 402 1853 142
E 402 2394 60
E 402 2399 72
V 403 "2169307754"
E 403 405 79
E 403 1486 11
E 403 1850 138
E 403 2400 81
V 404 "2169307755"
E 404 401 146
E 404 2211 147
E 404 2401 73
E 404 2546 78
V 405 "2169307756"
E 405 403 79
E 405 410 78
E 405 1476 11
E 405 1851 136
V 406 "2169307757"
E 406 381 144
E 406 383 69
E 406 397 65
V 407 "2169307758"
E 407 366 145
E 407 376 146
E 407 396 80
E 407 2546 81
V 408 "2169307759"
E 408 1488 8
E 408 1853 140
E 408 2396 71
E 408 2397 70
V 409 "2169307760"
E 409 368 66
E 409 377 146
E 409 381 68
E 409 383 144
V 410 "2169307761"
E 410 405 78
E 410 1490 9
E 410 1852 139
E 410 2396 65
V 411 "2169307762"
E 411 108 138
E 411 252 139
E 411 281 72
E 411 382 78
V 412 "2169307763"
E 412 210 75
E 412 363 149
E 412 2801 9
V 413 "2169307766"
E 413 360 144
E 413 376 77
E 413 401 83
E 413 2546 147
V 414 "2169307767"
E 414 375 70
E 414 385 66
E 414 394 142
V 415 "2169307768"
E 415 401 77
E 415 2401 146
E 415 3362 22
V 416 "2175325966"
E 416 417 8
E 416 421 8
V 417 "2175325968"
E 417 416 8
E 417 1833 25
E 417 2558 100
V 418 "2175325969"
E 418 420 9
E 418 2559 8
V 419 "2175325972"
E 419 91 23
E 419 92 22
V 420 "2175325973"
E 420 418 9
E 420 421 7
V 421 "2175325974"
E 421 416 8
E 421 420 7
V 422 "2175325976"
E 422 86 23
E 422 1336 28
E 422 2559 8
V 423 "2190285299"
E 423 447 216
E 423 522 219
E 423 547 218
E 423 679 221
V 424 "2190285304"
E 424 425 77
E 424 556 77
E 424 559 148
V 425 "2190285313"
E 425 424 77
E 425 484 80
E 425 497 148
E 425 2759 18
V 426 "2190285316"
E 426 517 112
E 426 524 117
E 426 1102 71
E 426 2718 14
V 427 "2190285318"
E 427 541 222
E 427 548 225
E 427 583 115
E 427 656 217
V 428 "2190285321"
E 428 615 115
E 428 2564 99
V 429 "2190285329"
E 429 1459 235
E 429 2716 90
V 430 "2190285330"
E 430 447 220
E 430 528 217
E 430 541 224
E 430 548 217
V 431 "2190285335"
E 431 1410 176
E 431 2293 77
E 431 3192 106
E 431 3204 26
V 432 "2190285337"
E 432 743 76
E 432 3200 9
V 433 "2190285341"
E 433 621 151
E 433 1105 84
E 433 1504 15
E 433 2247 25
V 434 "2190285346"
E 434 490 133
E 434 510 76
E 434 578 135
E 434 2377 40
V 435 "2190285348"
E 435 271 124
E 435 461 121
V 436 "2190285357"
E 436 523 76
E 436 594 48
E 436 628 132
E 436 2376 35
V 437 "2190285364"
E 437 454 75
E 437 473 135
E 437 483 123
E 437 552 74
V 438 "2190285366"
E 438 460 219
E 438 630 222
E 438 3238 63
V 439 "2190285371"
E 439 482 129
E 439 600 226
E 439 1401 248
V 440 "2190285381"
E 440 487 111
E 440 678 113
V 441 "2190285387"
E 441 558 115
E 441 2713 114
V 442 "2190285389"
E 442 526 114
E 442 609 127
V 443 "2190285391"
E 443 351 318
E 443 595 17
E 443 2225 654
E 443 3232 20
V 444 "2190285395"
E 444 450 221
E 444 528 121
E 444 570 215
E 444 778 116
V 445 "2190285397"
E 445 447 219
E 445 450 123
E 445 528 223
E 445 547 219
V 446 "2190285403"
E 446 499 166
E 446 540 221
E 446 567 187
E 446 677 219
V 447 "2190285407"
E 447 423 216
E 447 430 220
E 447 445 219
E 447 637 219
V 448 "2190285410"
E 448 555 123
E 448 586 166
E 448 677 218
E 448 1402 307
V 449 "2190285411"
E 449 462 198
E 449 629 21
V 450 "2190285413"
E 450 444 221
E 450 445 123
E 450 575 219
E 450 855 121
V 451 "2190285415"
E 451 533 154
E 451 605 80
E 451 621 86
E 451 1105 150
V 452 "2190285417"
E 452 464 223
E 452 475 220
E 452 561 215
E 452 574 120
V 453 "2190285419"
E 453 575 217
E 453 854 63
E 453 896 12
V 454 "2190285423"
E 454 437 75
E 454 504 134
E 454 505 124
E 454 680 74
V 455 "2190285429"
E 455 599 126
E 455 609 115
E 455 1075 69
E 455 1471 77
V 456 "2190285437"
E 456 550 61
E 456 588 138
E 456 603 74
E 456 642 134
V 457 "2190285441"
E 457 673 115
E 457 2563 81
V 458 "2190285443"
E 458 510 135
E 458 511 75
E 458 518 141
E 458 578 76
V 459 "2190285456"
E 459 590 85
E 459 2719 20
V 460 "2190285458"
E 460 438 219
E 460 713 117
E 460 953 218
V 461 "2190285460"
E 461 435 121
E 461 678 114
V 462 "2190285462"
E 462 449 198
E 462 538 222
E 462 581 221
E 462 604 222
V 463 "2190285463"
E 463 493 156
E 463 523 60
E 463 661 8
V 464 "2190285467"
E 464 452 223
E 464 499 215
E 464 540 166
E 464 618 121
V 465 "2190285469"
E 465 561 222
E 465 581 221
E 465 589 118
E 465 665 220
V 466 "2190285471"
E 466 488 119
E 466 669 117
V 467 "2190285473"
E 467 994 19
E 467 2289 36
E 467 3196 8
V 468 "2190285475"
E 468 494 110
E 468 563 42
V 469 "2190285480"
E 469 472 135
E 469 588 75
E 469 651 27
E 469 674 67
V 470 "2190285481"
E 470 544 221
E 470 895 157
E 470 3226 91
E 470 3227 62
V 471 "2190285485"
E 471 720 75
E 471 753 149
E 471 872 160
E 471 885 80
V 472 "2190285492"
E 472 469 135
E 472 545 122
E 472 552 76
E 472 628 75
V 473 "2190285495"
E 473 437 135
E 473 504 74
E 473 588 74
E 473 603 135
V 474 "2190285498"
E 474 620 74
E 474 632 123
E 474 641 153
E 474 653 74
V 475 "2190285499"
E 475 452 220
E 475 499 223
E 475 650 224
E 475 659 215
V 476 "2190285500"
E 476 495 204
E 476 519 168
E 476 802 115
V 477 "2190285502"
E 477 589 222
E 477 592 218
E 477 597 220
E 477 627 218
V 478 "2190285503"
E 478 521 77
E 478 559 153
E 478 653 81
E 478 664 123
V 479 "2190285506"
E 479 490 110
E 479 611 15
V 480 "2190285508"
E 480 490 29
V 481 "2190285509"
E 481 498 114
E 481 574 221
E 481 592 220
E 481 593 219
V 482 "2190285510"
E 482 439 129
E 482 538 216
E 482 571 220
E 482 675 223
V 483 "2190285511"
E 483 437 123
E 483 654 61
E 483 664 16
V 484 "2190285512"
E 484 425 80
E 484 514 81
E 484 648 148
V 485 "2190285515"
E 485 500 169
E 485 593 220
E 485 626 120
E 485 663 220
V 486 "2190285518"
E 486 537 4
E 486 680 121
V 487 "2190285519"
E 487 440 111
V 488 "2190285520"
E 488 466 119
E 488 616 113
V 489 "2190285521"
E 489 586 251
E 489 1402 181
E 489 2319 130
V 490 "2190285523"
E 490 434 133
E 490 479 110
E 490 480 29
E 490 680 77
V 491 "2190285524"
E 491 507 212
E 491 899 18
E 491 976 65
E 491 2225 20
V 492 "2190285527"
E 492 529 117
E 492 558 115
V 493 "2190285529"
E 493 463 156
E 493 666 68
E 493 2374 35
E 493 2375 35
V 494 "2190285530"
E 494 468 110
E 494 549 82
E 494 565 73
E 494 594 124
V 495 "2190285532"
E 495 476 204
E 495 553 234
E 495 3249 38
V 496 "2190285534"
E 496 508 538
E 496 573 190
E 496 2568 175
V 497 "2190285535"
E 497 425 148
E 497 521 152
E 497 559 77
E 497 648 80
V 498 "2190285537"
E 498 481 114
E 498 663 105
V 499 "2190285538"
E 499 446 166
E 499 464 215
E 499 475 223
E 499 560 222
V 500 "2190285539"
E 500 485 169
E 500 634 83
E 500 644 222
E 500 645 118
V 501 "2190285541"
E 501 647 114
E 501 667 114
V 502 "2190285544"
E 502 539 221
E 502 579 218
E 502 617 213
E 502 637 119
V 503 "2190285547"
E 503 1460 67
E 503 2720 27
V 504 "2190285548"
E 504 454 134
E 504 473 74
E 504 510 74
E 504 532 57
V 505 "2190285550"
E 505 454 124
E 505 657 23
E 505 664 60
V 506 "2190285553"
E 506 612 114
E 506 673 117
V 507 "2190285554"
E 507 491 212
E 507 582 221
E 507 968 116
V 508 "2190285555"
E 508 496 538
E 508 608 122
E 508 649 167
V 509 "2190285556"
E 509 530 70
E 509 596 118
E 509 820 120
V 510 "2190285559"
E 510 434 76
E 510 458 135
E 510 504 74
E 510 680 133
V 511 "2190285561"
E 511 458 75
E 511 532 78
E 511 603 75
E 511 622 140
V 512 "2190285563"
E 512 584 221
E 512 597 215
E 512 627 219
E 512 670 123
V 513 "2190285564"
E 513 540 180
E 513 567 221
E 513 591 115
V 514 "2190285565"
E 514 484 81
E 514 563 148
E 514 607 74
V 515 "2190285569"
E 515 585 12
E 515 703 158
E 515 2227 73
V 516 "2190285571"
E 516 698 32
E 516 873 85
V 517 "2190285572"
E 517 426 112
E 517 1069 9
E 517 2719 16
V 518 "2190285573"
E 518 458 141
E 518 573 78
E 518 622 75
V 519 "2190285575"
E 519 476 168
E 519 542 152
E 519 709 115
V 520 "2190285576"
E 520 691 50
E 520 732 50
V 521 "2190285578"
E 521 478 77
E 521 497 152
E 521 549 80
E 521 654 124
V 522 "2190285580"
E 522 423 219
E 522 579 120
E 522 635 218
E 522 637 220
V 523 "2190285581"
E 523 436 76
E 523 463 60
E 523 565 52
V 524 "2190285582"
E 524 426 117
E 524 643 112
E 524 1024 72
E 524 2711 14
V 525 "2190285584"
E 525 536 186
E 525 561 121
E 525 574 221
E 525 592 216
V 526 "2190285585"
E 526 442 114
E 526 655 116
V 527 "2190285594"
E 527 671 220
E 527 677 193
E 527 3255 75
V 528 "2190285596"
E 528 430 217
E 528 444 121
E 528 445 223
E 528 584 213
V 529 "2190285598"
E 529 492 117
E 529 640 114
V 530 "2190285599"
E 530 509 70
E 530 645 96
V 531 "2190285600"
E 531 587 220
E 531 593 120
E 531 626 219
E 531 792 119
V 532 "2190285602"
E 532 504 57
E 532 511 78
V 533 "2190285603"
E 533 451 154
E 533 608 85
E 533 620 82
V 534 "2190285605"
E 534 1149 14
E 534 1403 7
V 535 "2190285606"
E 535 705 34
E 535 937 85
V 536 "2190285607"
E 536 525 186
E 536 589 31
V 537 "2190285608"
E 537 486 4
E 537 632 20
E 537 657 52
V 538 "2190285609"
E 538 462 222
E 538 482 216
E 538 600 197
E 538 614 218
V 539 "2190285614"
E 539 502 221
E 539 568 219
E 539 636 215
E 539 1400 212
V 540 "2190285615"
E 540 446 221
E 540 464 166
E 540 513 180
E 540 619 117
V 541 "2190285616"
E 541 427 222
E 541 430 224
E 541 617 118
E 541 637 213
V 542 "2190285617"
E 542 519 152
E 542 938 114
E 542 2218 114
E 542 2219 22
V 543 "2190285619"
E 543 587 121
E 543 592 223
E 543 593 219
E 543 627 219
V 544 "2190285620"
E 544 470 221
E 544 568 221
E 544 572 71
E 544 691 233
V 545 "2190285621"
E 545 472 122
E 545 594 74
E 545 652 11
V 546 "2190285623"
E 546 556 149
E 546 559 79
E 546 641 75
E 546 653 153
V 547 "2190285626"
E 547 423 218
E 547 445 219
E 547 575 121
E 547 585 217
V 548 "2190285627"
E 548 427 225
E 548 430 217
E 548 584 218
E 548 597 217
V 549 "2190285629"
E 549 494 82
E 549 521 80
E 549 648 152
E 549 652 124
V 550 "2190285632"
E 550 456 61
E 550 2379 26
E 550 2747 55
V 551 "2190285635"
E 551 604 214
E 551 624 215
E 551 629 222
E 551 3246 57
V 552 "2190285636"
E 552 437 74
E 552 472 76
E 552 588 135
E 552 602 123
V 553 "2190285637"
E 553 495 234
E 553 630 219
E 553 805 116
V 554 "2190285638"
E 554 605 150
E 554 660 78
E 554 1105 82
V 555 "2190285640"
E 555 448 123
E 555 671 67
V 556 "2190285641"
E 556 424 77
E 556 546 149
E 556 660 76
V 557 "2190285642"
E 557 599 116
E 557 667 116
V 558 "2190285643"
E 558 441 115
E 558 492 115
V 559 "2190285644"
E 559 424 148
E 559 478 153
E 559 497 77
E 559 546 79
V 560 "2190285645"
E 560 499 222
E 560 586 218
E 560 650 221
E 560 677 166
V 561 "2190285646"
E 561 452 215
E 561 465 222
E 561 525 121
E 561 659 221
V 562 "2190285647"
E 562 587 213
E 562 627 122
E 562 670 224
E 562 911 120
V 563 "2190285649"
E 563 468 42
E 563 514 148
E 563 648 80
E 563 666 76
V 564 "2190285651"
E 564 600 232
E 564 629 44
E 564 3248 228
V 565 "2190285653"
E 565 494 73
E 565 523 52
E 565 639 40
E 565 661 10
V 566 "2190285654"
E 566 765 108
E 566 795 13
E 566 2233 16
V 567 "2190285655"
E 567 446 187
E 567 513 221
E 567 3255 144
V 568 "2190285656"
E 568 539 219
E 568 544 221
E 568 579 218
V 569 "2190285658"
E 569 603 138
E 569 622 78
E 569 642 72
V 570 "2190285659"
E 570 444 215
E 570 584 123
E 570 670 221
E 570 923 118
V 571 "2190285663"
E 571 482 220
E 571 583 223
E 571 614 216
E 571 636 222
V 572 "2190285664"
E 572 544 71
E 572 691 240
E 572 741 377
E 572 3291 16
V 573 "2190285668"
E 573 496 190
E 573 518 78
E 573 578 142
V 574 "2190285671"
E 574 452 120
E 574 481 221
E 574 525 221
E 574 618 223
V 575 "2190285672"
E 575 450 219
E 575 453 217
E 575 547 121
E 575 824 120
V 576 "2190285673"
E 576 2748 9
E 576 2749 22
E 576 2769 13
V 577 "2190285674"
E 577 653 41
E 577 657 82
V 578 "2190285675"
E 578 434 135
E 578 458 76
E 578 573 142
V 579 "2190285676"
E 579 502 218
E 579 522 120
E 579 568 218
E 579 3227 161
V 580 "2190285677"
E 580 100 98
E 580 2265 97
V 581 "2190285678"
E 581 462 221
E 581 465 221
E 581 614 221
E 581 659 222
V 582 "2190285681"
E 582 507 221
E 582 900 115
E 582 953 218
V 583 "2190285682"
E 583 427 115
E 583 571 223
E 583 617 222
E 583 665 216
V 584 "2190285683"
E 584 512 221
E 584 528 213
E 584 548 218
E 584 570 123
V 585 "2190285686"
E 585 515 12
E 585 547 217
E 585 854 61
V 586 "2190285688"
E 586 448 166
E 586 489 251
E 586 560 218
E 586 624 224
V 587 "2190285689"
E 587 531 220
E 587 543 121
E 587 562 213
E 587 815 120
V 588 "2190285691"
E 588 456 138
E 588 469 75
E 588 473 74
E 588 552 135
V 589 "2190285692"
E 589 465 118
E 589 477 222
E 589 536 31
E 589 656 221
V 590 "2190285695"
E 590 459 85
E 590 668 117
V 591 "2190285702"
E 591 513 115
E 591 619 176
E 591 646 221
V 592 "2190285706"
E 592 477 218
E 592 481 220
E 592 525 216
E 592 543 223
V 593 "2190285707"
E 593 481 219
E 593 485 220
E 593 531 120
E 593 543 219
V 594 "2190285708"
E 594 436 48
E 594 494 124
E 594 545 74
E 594 628 122
V 595 "2190285711"
E 595 443 17
E 595 953 4
V 596 "2190285713"
E 596 509 118
E 596 634 83
E 596 646 223
V 597 "2190285715"
E 597 477 220
E 597 512 215
E 597 548 217
E 597 656 225
V 598 "2190285719"
E 598 633 113
E 598 655 117
V 599 "2190285721"
E 599 455 126
E 599 557 116
V 600 "2190285724"
E 600 439 226
E 600 538 197
E 600 564 232
E 600 3233 12
V 601 "2190285726"
E 601 811 77
E 601 947 159
E 601 977 74
V 602 "2190285735"
E 602 552 123
E 602 652 67
E 602 654 13
V 603 "2190285737"
E 603 456 74
E 603 473 135
E 603 511 75
E 603 569 138
V 604 "2190285739"
E 604 462 222
E 604 551 214
E 604 650 218
E 604 659 225
V 605 "2190285743"
E 605 451 80
E 605 554 150
E 605 620 154
E 605 641 77
V 606 "2190285745"
E 606 662 114
E 606 2712 113
V 607 "2190285747"
E 607 514 74
E 607 666 149
E 607 2373 83
V 608 "2190285751"
E 608 508 122
E 608 533 85
E 608 621 154
V 609 "2190285753"
E 609 442 127
E 609 455 115
E 609 1058 71
E 609 1084 69
V 610 "2190285755"
E 610 891 102
E 610 978 17
V 611 "2190285759"
E 611 479 15
E 611 632 54
E 611 649 18
V 612 "2190285773"
E 612 506 114
E 612 2711 112
V 613 "2190285775"
E 613 618 135
E 613 619 30
V 614 "2190285779"
E 614 538 218
E 614 571 216
E 614 581 221
E 614 665 221
V 615 "2190285787"
E 615 428 115
E 615 662 117
V 616 "2190285789"
E 616 488 113
E 616 2718 112
V 617 "2190285791"
E 617 502 213
E 617 541 118
E 617 583 222
E 617 636 222
V 618 "2190285796"
E 618 464 121
E 618 574 223
E 618 613 135
E 618 663 222
V 619 "2190285798"
E 619 540 117
E 619 591 176
E 619 613 30
E 619 644 221
V 620 "2190285801"
E 620 474 74
E 620 533 82
E 620 605 154
E 620 649 122
V 621 "2190285802"
E 621 433 151
E 621 451 86
E 621 608 154
V 622 "2190285804"
E 622 511 140
E 622 518 75
E 622 569 78
V 623 "2190285806"
E 623 1058 46
E 623 1099 50
E 623 2713 13
V 624 "2190285808"
E 624 551 215
E 624 586 224
E 624 650 213
V 625 "2190285811"
E 625 909 149
E 625 939 155
E 625 2288 12
V 626 "2190285813"
E 626 485 120
E 626 531 219
E 626 645 170
E 626 707 118
V 627 "2190285822"
E 627 477 218
E 627 512 219
E 627 543 219
E 627 562 122
V 628 "2190285824"
E 628 436 132
E 628 472 75
E 628 594 122
E 628 651 144
V 629 "2190285830"
E 629 449 21
E 629 551 222
E 629 564 44
V 630 "2190285835"
E 630 438 222
E 630 553 219
